    unsorted:	 3.602099298e+027 -3.096370466e+029 4.097135825e+029
      sorted:	 -3.096370466e+029 3.602099298e+027 4.097135825e+029
